


1



О



11,01



12



М



3,12



23



Х



1,07



2



Е



8,73



13



Д



3,02



24



Ъ



1,01



3



А



7,51



14



П



2,8



25



Ж



0,97



4



И



7,44



15



У



2,48



26



Ь



0,79



5



Т



6,49



16



Я



2,12



27



Ю



0,73



6



Н



6,45



17



Ы



1,97



28



Ш



0,68



7



С



5,5



18



Г



1,8



29



Ц



0,45



8



Р



4,77



19



З



1,75



30



Щ



0,45



9



В



4,53



20



Б



1,75



31



Э



0,32



10



Л



4,2



21



Ч



1,49



32



Ф



0,19



11



К



3,37



22



Й



1,18



33



Ё



0,04